constants
neptune
	^self new
		x: 1.53796971148509165e1
		y: -2.59193146099879641e1
		z: 1.79258772950371181e-1
		vx: 2.68067772490389322e-3 * self daysPerYear
		vy: 1.62824170038242295e-3 * self daysPerYear
		vz: -9.51592254519715870e-5 * self daysPerYear
		mass: 5.15138902046611451e-5 * self solarMass