constants
jupiter
	^self new
		x: 4.84143144246472090
		y: -1.16032004402742839
		z: -1.03622044471123109e-1
		vx: 1.66007664274403694e-3 * self daysPerYear
		vy: 7.69901118419740425e-3 * self daysPerYear
		vz: -6.90460016972063023e-5 * self daysPerYear
		mass: 9.54791938424326609e-4 * self solarMass