constants
saturn
	^self new
		x: 8.34336671824457987
		y: 4.12479856412430479
		z: -4.03523417114321381e-1
		vx: -2.76742510726862411e-3 * self daysPerYear
		vy: 4.99852801234917238e-3 * self daysPerYear
		vz: 2.30417297573763929e-5 * self daysPerYear
		mass: 2.85885980666130812e-4 * self solarMass