constants
uranus
	^self new
		x: 1.28943695621391310e1
		y: -1.51111514016986312e1
		z: -2.23307578892655734e-1
		vx: 2.96460137564761618e-3 * self daysPerYear
		vy: 2.37847173959480950e-3 * self daysPerYear
		vz: -2.96589568540237556e-5 * self daysPerYear
		mass: 4.36624404335156298e-5 * self solarMass